xof 0303txt 0032
template XSkinMeshHeader {
 <3cf169ce-ff7c-44ab-93c0-f78f62d172e2>
 WORD nMaxSkinWeightsPerVertex;
 WORD nMaxSkinWeightsPerFace;
 WORD nBones;
}

template VertexDuplicationIndices {
 <b8d65549-d7c9-4995-89cf-53a9a8b031e3>
 DWORD nIndices;
 DWORD nOriginalVertices;
 array DWORD indices[nIndices];
}

template SkinWeights {
 <6f0d123b-bad2-4167-a0d0-80224f25fabb>
 STRING transformNodeName;
 DWORD nWeights;
 array DWORD vertexIndices[nWeights];
 array FLOAT weights[nWeights];
 Matrix4x4 matrixOffset;
}

template AnimTicksPerSecond {
 <9e415a43-7ba6-4a73-8743-b73d47e88476>
 DWORD AnimTicksPerSecond;
}


AnimTicksPerSecond {
 24;
}

Frame Dummy01 {
 

 FrameTransformMatrix {
  1.000000,0.000000,0.000000,0.000000,0.000000,-0.000000,-1.000000,0.000000,0.000000,1.000000,-0.000000,0.000000,0.000000,0.000000,0.000000,1.000000;;
 }

 Frame Bip01 {
  

  FrameTransformMatrix {
   0.000000,0.226248,-0.974070,0.000000,0.000001,0.974070,0.226248,0.000000,1.000000,-0.000001,-0.000000,0.000000,0.003000,-0.012255,0.204645,1.000000;;
  }

  Frame Bip01_Pelvis {
   

   FrameTransformMatrix {
    0.000000,1.000000,-0.000001,0.000000,-0.000001,0.000001,1.000000,0.000000,1.000000,0.000000,0.000001,0.000000,0.000000,0.000000,0.000000,1.000000;;
   }

   Frame Bip01_Spine {
    

    FrameTransformMatrix {
     0.983068,0.000002,-0.183244,0.000000,-0.000001,1.000000,0.000004,0.000000,0.183244,-0.000004,0.983068,0.000000,0.051618,0.000000,-0.000083,1.000000;;
    }

    Frame Bip01_Spine1 {
     

     FrameTransformMatrix {
      0.999058,0.000000,0.043402,0.000000,-0.000000,1.000000,-0.000000,0.000000,-0.043402,-0.000000,0.999058,0.000000,0.106484,0.000000,-0.000085,1.000000;;
     }

     Frame Bip01_Neck {
      

      FrameTransformMatrix {
       0.948561,0.000001,0.316595,0.000000,-0.000001,1.000000,-0.000000,0.000000,-0.316595,-0.000000,0.948561,0.000000,0.130513,0.000000,0.004627,1.000000;;
      }

      Frame Bip01_Head {
       

       FrameTransformMatrix {
        0.986326,-0.000000,-0.164805,0.000000,0.000000,1.000000,-0.000000,0.000000,0.164805,-0.000000,0.986326,0.000000,0.033674,0.000000,0.000000,1.000000;;
       }
      }

      Frame Bip01_L_Clavicle {
       

       FrameTransformMatrix {
        0.012396,0.983752,0.179105,0.000000,0.949833,0.044396,-0.309590,0.000000,-0.312511,0.173958,-0.933850,0.000000,-0.024262,0.015715,0.003220,1.000000;;
       }

       Frame Bip01_L_UpperArm {
        

        FrameTransformMatrix {
         0.477581,-0.489369,-0.729681,0.000000,0.580909,0.798954,-0.155619,0.000000,0.659137,-0.349557,0.665844,0.000000,0.087086,0.000000,0.000000,1.000000;;
        }

        Frame Bip01_L_Forearm {
         

         FrameTransformMatrix {
          0.904944,0.000000,-0.425531,0.000000,-0.000000,1.000000,-0.000000,0.000000,0.425531,-0.000000,0.904944,0.000000,0.137062,-0.000000,0.000000,1.000000;;
         }

         Frame Bip01_L_Hand {
          

          FrameTransformMatrix {
           0.060948,0.783998,-0.617764,0.000000,-0.106120,0.620496,0.776996,0.000000,0.992484,0.018201,0.121016,0.000000,0.137062,-0.000000,-0.000000,1.000000;;
          }

          Frame Bip01_L_Finger0 {
           

           FrameTransformMatrix {
            0.829256,-0.514255,0.218807,0.000000,0.558537,0.749101,-0.356210,0.000000,0.019274,0.417601,0.908427,0.000000,0.057681,-0.023605,-0.000272,1.000000;;
           }
          }

          Frame Bip01_L_Finger1 {
           

           FrameTransformMatrix {
            0.989590,-0.000115,0.143914,0.000000,-0.000000,1.000000,0.000796,0.000000,-0.143914,-0.000788,0.989590,0.000000,0.084102,0.000000,0.000000,1.000000;;
           }
          }
         }
        }
       }
      }

      Frame Bip01_R_Clavicle {
       

       FrameTransformMatrix {
        0.012396,-0.983751,0.179111,0.000000,-0.949833,0.044398,0.309590,0.000000,-0.312511,-0.173963,-0.933849,0.000000,-0.024262,-0.015715,0.003220,1.000000;;
       }

       Frame Bip01_R_UpperArm {
        

        FrameTransformMatrix {
         0.477551,0.489411,-0.729673,0.000000,-0.581087,0.798847,0.155502,0.000000,0.659001,0.349744,0.665881,0.000000,0.087086,0.000000,0.000000,1.000000;;
        }

        Frame Bip01_R_Forearm {
         

         FrameTransformMatrix {
          0.904944,-0.000000,-0.425532,0.000000,-0.000000,1.000000,-0.000000,0.000000,0.425532,-0.000000,0.904944,0.000000,0.137062,0.000000,0.000000,1.000000;;
         }

         Frame Bip01_R_Hand {
          

          FrameTransformMatrix {
           0.060990,-0.783851,-0.617946,0.000000,0.106089,0.620682,-0.776852,0.000000,0.992485,-0.018178,0.121014,0.000000,0.137062,0.000000,-0.000000,1.000000;;
          }

          Frame Bip01_R_Finger0 {
           

           FrameTransformMatrix {
            0.829256,0.514255,0.218807,0.000000,-0.558537,0.749101,0.356210,0.000000,0.019274,-0.417601,0.908427,0.000000,0.057681,0.023605,-0.000272,1.000000;;
           }
          }

          Frame Bip01_R_Finger1 {
           

           FrameTransformMatrix {
            0.989590,0.000115,0.143914,0.000000,0.000000,1.000000,-0.000796,0.000000,-0.143914,0.000788,0.989590,0.000000,0.084102,-0.000000,-0.000000,1.000000;;
           }
          }
         }
        }
       }
      }
     }

     Frame Bip01_BackPack {
      

      FrameTransformMatrix {
       0.274948,-0.000002,-0.961459,0.000000,0.000003,1.000000,-0.000002,0.000000,0.961459,-0.000002,0.274948,0.000000,0.063698,-0.000000,-0.088860,1.000000;;
      }
     }
    }

    Frame Bip01_L_Thigh {
     

     FrameTransformMatrix {
      -0.996234,0.074672,-0.044066,0.000000,-0.074424,-0.997201,-0.007244,0.000000,-0.044484,-0.003938,0.999002,0.000000,-0.050759,0.055225,-0.009377,1.000000;;
     }

     Frame Bip01_L_Calf {
      

      FrameTransformMatrix {
       0.959966,-0.000000,-0.280116,0.000000,0.000000,1.000000,0.000000,0.000000,0.280116,0.000000,0.959966,0.000000,0.237500,0.000000,-0.000000,1.000000;;
      }

      Frame Bip01_L_Foot {
       

       FrameTransformMatrix {
        0.995852,0.012180,0.090171,0.000000,-0.011181,0.999870,-0.011576,0.000000,-0.090301,0.010520,0.995859,0.000000,0.206841,-0.000000,0.000000,1.000000;;
       }

       Frame Bip01_L_Toe0 {
        

        FrameTransformMatrix {
         0.000001,-0.000000,1.000000,0.000000,-0.061883,0.998083,0.000000,0.000000,-0.998083,-0.061883,0.000001,0.000000,0.065373,0.000000,0.066450,1.000000;;
        }
       }
      }
     }
    }

    Frame Bip01_R_Thigh {
     

     FrameTransformMatrix {
      -0.996234,-0.074672,-0.044066,0.000000,0.074424,-0.997200,0.007250,0.000000,-0.044484,0.003943,0.999002,0.000000,-0.050759,-0.055225,-0.009377,1.000000;;
     }

     Frame Bip01_R_Calf {
      

      FrameTransformMatrix {
       0.959966,-0.000000,-0.280116,0.000000,0.000000,1.000000,0.000000,0.000000,0.280116,-0.000000,0.959966,0.000000,0.237500,0.000000,-0.000000,1.000000;;
      }

      Frame Bip01_R_Foot {
       

       FrameTransformMatrix {
        0.995852,-0.012180,0.090171,0.000000,0.011181,0.999870,0.011576,0.000000,-0.090300,-0.010520,0.995859,0.000000,0.206841,0.000000,0.000000,1.000000;;
       }

       Frame Bip01_R_Toe0 {
        

        FrameTransformMatrix {
         0.000000,-0.000000,1.000000,0.000000,0.061883,0.998084,0.000000,0.000000,-0.998083,0.061883,0.000000,0.000000,0.065373,-0.000000,0.066450,1.000000;;
        }
       }
      }
     }
    }
   }

   Frame Bip01_DressFront {
    

    FrameTransformMatrix {
     -0.914526,-0.000002,0.404528,0.000000,-0.000003,1.000000,-0.000001,0.000000,-0.404528,-0.000002,-0.914526,0.000000,-0.043943,0.001399,0.061075,1.000000;;
    }

    Frame Bip01_DressFront02 {
     

     FrameTransformMatrix {
      0.985512,0.000000,0.169607,0.000000,-0.000000,1.000000,-0.000000,0.000000,-0.169607,-0.000000,0.985512,0.000000,0.183347,-0.000000,-0.000130,1.000000;;
     }
    }
   }

   Frame Bip01_DressBack {
    

    FrameTransformMatrix {
     -0.982193,-0.000002,0.187876,0.000000,-0.000002,1.000000,-0.000001,0.000000,-0.187876,-0.000002,-0.982193,0.000000,-0.047706,0.000000,-0.078282,1.000000;;
    }

    Frame Bip01_DressBack02 {
     

     FrameTransformMatrix {
      0.990815,0.000000,0.135222,0.000000,-0.000000,1.000000,-0.000000,0.000000,-0.135222,-0.000000,0.990815,0.000000,0.176173,-0.000000,-0.000108,1.000000;;
     }
    }
   }
  }

  Frame Bip01_Prop1 {
   

   FrameTransformMatrix {
    0.888030,-0.427103,-0.170253,0.000000,0.177945,-0.022178,0.983791,0.000000,-0.423956,-0.903931,0.056306,0.000000,0.269154,0.257044,-0.152715,1.000000;;
   }
  }

  Frame Bip01_Prop2 {
   

   FrameTransformMatrix {
    0.120517,0.992457,0.022483,0.000000,0.102537,0.010082,-0.994678,0.000000,-0.987402,0.122181,-0.100548,0.000000,0.274080,0.256759,0.155487,1.000000;;
   }
  }
 }
}

Frame Translation_Data {
 

 FrameTransformMatrix {
  -0.000000,0.000000,-1.000000,0.000000,-1.000000,-0.000000,0.000000,0.000000,-0.000000,1.000000,0.000000,0.000000,0.000000,-0.000000,0.000000,1.000000;;
 }
}

Frame Body {
 

 FrameTransformMatrix {
  1.000000,0.000000,0.000000,0.000000,0.000000,1.000000,0.000000,0.000000,0.000000,0.000000,1.000000,0.000000,0.000000,0.000000,0.000000,1.000000;;
 }

 Mesh Body {
  617;
  0.068016;0.268369;-0.252243;,
  0.031069;0.293838;-0.261450;,
  0.036279;0.267155;-0.241149;,
  0.078928;0.257187;-0.234976;,
  0.087105;0.255179;-0.217379;,
  0.043922;0.238905;-0.219651;,
  0.057007;0.220658;-0.191672;,
  0.093647;0.250030;-0.181174;,
  0.032036;0.336261;-0.265074;,
  0.074352;0.320389;-0.253215;,
  0.082676;0.347270;-0.233634;,
  0.049864;0.356123;-0.234573;,
  0.086349;0.253533;-0.027071;,
  0.045026;0.276182;-0.016978;,
  0.045914;0.272903;-0.028345;,
  0.079569;0.252301;-0.036687;,
  0.074273;0.198689;-0.052469;,
  0.087221;0.210691;-0.021293;,
  0.046439;0.167927;-0.056342;,
  0.044022;0.165250;0.001785;,
  0.072622;0.176747;-0.005481;,
  0.003001;0.237126;-0.222433;,
  0.003001;0.213322;-0.193758;,
  0.003000;0.274992;-0.012870;,
  0.003000;0.272245;-0.026325;,
  0.055059;0.317499;-0.104886;,
  0.003001;0.321583;-0.104127;,
  0.003001;0.342809;-0.137109;,
  0.059990;0.339584;-0.140669;,
  0.060938;0.151397;0.036686;,
  0.071509;0.115579;0.127606;,
  0.109642;0.141998;0.137776;,
  0.095765;0.186164;0.048646;,
  0.075893;0.080061;0.216908;,
  0.104860;0.122447;0.229555;,
  0.012668;0.170874;0.044941;,
  0.013846;0.246800;0.091820;,
  0.030893;0.209589;0.165399;,
  0.024038;0.138673;0.139030;,
  0.051206;0.159459;0.241098;,
  0.048281;0.118294;0.232075;,
  0.091327;0.236513;0.084581;,
  0.110350;0.203026;0.159465;,
  0.091763;0.160342;0.236760;,
  0.113465;0.101261;0.505094;,
  0.068655;0.097762;0.507276;,
  0.073980;0.145593;0.515471;,
  0.108772;0.145700;0.513323;,
  0.079972;0.094443;0.279743;,
  0.082397;0.086765;0.353405;,
  0.111542;0.115237;0.357931;,
  0.111280;0.123074;0.283631;,
  0.087165;0.080004;0.432832;,
  0.106959;0.108389;0.436957;,
  0.039391;0.114959;0.302910;,
  0.039835;0.170168;0.295261;,
  0.049590;0.153557;0.358250;,
  0.052867;0.110925;0.360680;,
  0.073623;0.132704;0.431871;,
  0.070941;0.103456;0.445724;,
  0.111341;0.172502;0.284744;,
  0.111671;0.153768;0.356897;,
  0.097455;0.133522;0.425755;,
  0.093324;0.209195;0.007988;,
  0.002999;0.151934;0.006582;,
  0.002999;0.157768;0.043354;,
  0.012668;0.170874;0.044941;,
  0.095057;0.260937;0.025406;,
  0.045026;0.284041;0.032123;,
  0.090334;0.245386;0.073123;,
  0.044642;0.267597;0.076093;,
  0.050486;0.289726;-0.066084;,
  0.086732;0.300702;-0.111001;,
  0.098218;0.287392;-0.122812;,
  0.091743;0.240349;-0.148921;,
  0.074861;0.221766;-0.100714;,
  0.082480;0.266713;-0.077227;,
  0.057400;0.207117;-0.162415;,
  0.051920;0.193451;-0.109448;,
  0.003000;0.201895;-0.166495;,
  0.003000;0.187161;-0.107167;,
  0.102218;0.246602;-0.266584;,
  0.068090;0.254992;-0.225834;,
  0.124355;0.201366;-0.261235;,
  0.085534;0.196918;-0.215814;,
  0.109337;0.149126;-0.208406;,
  0.140872;0.152608;-0.245210;,
  0.112481;0.265239;-0.185382;,
  0.131629;0.219242;-0.174073;,
  0.085534;0.196918;-0.215814;,
  0.147160;0.166755;-0.173492;,
  0.109337;0.149126;-0.208406;,
  0.122974;0.269171;-0.187073;,
  0.148021;0.268115;-0.224300;,
  0.170493;0.224004;-0.219578;,
  0.178652;0.170172;-0.210136;,
  0.127079;0.257627;-0.254072;,
  0.140691;0.130740;-0.252517;,
  0.104278;0.123623;-0.208656;,
  0.115062;0.064484;-0.216921;,
  0.137807;0.071560;-0.244850;,
  0.124857;0.017348;-0.216711;,
  0.138774;0.022132;-0.235940;,
  0.104278;0.123623;-0.208656;,
  0.151386;0.130929;-0.167496;,
  0.162932;0.071469;-0.186364;,
  0.115062;0.064484;-0.216921;,
  0.160705;0.021313;-0.203351;,
  0.124857;0.017348;-0.216711;,
  0.187705;0.138072;-0.211038;,
  0.180072;0.077164;-0.207993;,
  0.167991;0.024189;-0.213008;,
  0.118588;0.015423;-0.346291;,
  0.117745;-0.001899;-0.332759;,
  0.163803;-0.007038;-0.319686;,
  0.164095;0.010068;-0.333043;,
  0.096299;0.002665;-0.295977;,
  0.102967;0.006251;-0.304253;,
  0.102237;0.017035;-0.302198;,
  0.090446;0.012613;-0.294282;,
  0.167293;-0.005811;-0.245910;,
  0.169134;0.004952;-0.281641;,
  0.117542;0.013285;-0.274288;,
  0.117577;-0.005932;-0.245312;,
  0.168924;0.031977;-0.244956;,
  0.169431;0.023241;-0.289610;,
  0.116973;0.032847;-0.243420;,
  0.119886;0.031575;-0.281802;,
  0.103559;0.312957;-0.258062;,
  0.102879;0.286383;-0.271654;,
  0.074352;0.320389;-0.253215;,
  0.068425;0.295155;-0.262543;,
  0.096799;0.325267;-0.151080;,
  0.041722;0.309616;-0.269121;,
  0.094303;0.262653;-0.263677;,
  0.068016;0.268369;-0.252243;,
  0.078928;0.257187;-0.234976;,
  0.091740;0.258014;-0.242826;,
  0.102881;0.333784;-0.193003;,
  0.060779;0.350863;-0.178987;,
  0.105600;0.331374;-0.198589;,
  0.003001;0.352003;-0.172765;,
  0.003003;0.349297;-0.232761;,
  0.082676;0.347270;-0.233634;,
  0.105600;0.331374;-0.198589;,
  0.088734;0.276513;-0.200795;,
  0.106017;0.318279;-0.195787;,
  0.068090;0.254992;-0.225834;,
  0.098938;0.294679;-0.161243;,
  0.092013;0.261847;-0.172309;,
  0.087105;0.255179;-0.217379;,
  0.104289;0.310338;-0.157369;,
  0.117577;-0.005932;-0.245312;,
  0.029044;0.338689;-0.293259;,
  0.038204;0.317498;-0.295987;,
  0.003057;0.341202;-0.265268;,
  0.003001;0.347357;-0.293521;,
  0.119886;0.031575;-0.281802;,
  0.118588;0.015423;-0.346291;,
  0.164095;0.010068;-0.333043;,
  0.100985;-0.005308;-0.278295;,
  0.094932;0.019796;-0.276258;,
  0.100985;-0.005308;-0.278295;,
  0.112679;0.003477;-0.288438;,
  0.115570;0.026738;-0.280931;,
  0.115570;0.026738;-0.280931;,
  0.096299;0.002665;-0.295977;,
  0.090446;0.012613;-0.294282;,
  0.102237;0.017035;-0.302198;,
  0.118353;0.029407;0.470094;,
  0.087026;-0.008398;0.468497;,
  0.089494;-0.018727;0.485424;,
  0.125241;0.018597;0.489757;,
  0.068174;0.140866;0.481015;,
  0.073980;0.145593;0.515471;,
  0.068655;0.097762;0.507276;,
  0.065741;0.099573;0.482389;,
  0.073623;0.132704;0.431871;,
  0.097455;0.133522;0.425755;,
  0.109447;0.141311;0.475421;,
  0.113465;0.101261;0.505094;,
  0.108772;0.145700;0.513323;,
  0.112450;0.104887;0.470245;,
  0.087165;0.080004;0.432832;,
  0.106959;0.108389;0.436957;,
  0.054621;-0.008804;0.489355;,
  0.059774;0.001077;0.474966;,
  0.125241;0.018597;0.489757;,
  0.054621;-0.008804;0.489355;,
  0.024038;0.138673;0.139030;,
  0.048281;0.118294;0.232075;,
  0.039391;0.114959;0.302910;,
  0.052867;0.110925;0.360680;,
  0.070941;0.103456;0.445724;,
  0.070941;0.103456;0.445724;,
  0.003000;0.204100;0.066959;,
  0.049110;0.300093;-0.305548;,
  0.040519;0.280563;-0.307853;,
  0.031589;0.280167;-0.301060;,
  0.030270;0.299711;-0.296460;,
  0.041412;0.328259;-0.316746;,
  0.033496;0.350823;-0.320028;,
  0.022682;0.330190;-0.440905;,
  0.003001;0.331612;-0.445271;,
  0.003001;0.301996;-0.441523;,
  0.036917;0.265568;-0.391209;,
  0.033250;0.281759;-0.415850;,
  0.019958;0.258914;-0.392143;,
  0.054437;0.311852;-0.330853;,
  0.046398;0.283331;-0.328206;,
  0.047542;0.311906;-0.313725;,
  0.055561;0.338691;-0.359176;,
  0.056037;0.320227;-0.375328;,
  0.055321;0.325403;-0.412171;,
  0.046655;0.299421;-0.417647;,
  0.051804;0.293549;-0.378915;,
  0.042117;0.377101;-0.359951;,
  0.052954;0.355255;-0.358075;,
  0.003001;0.388058;-0.357587;,
  0.003001;0.389498;-0.406857;,
  0.035857;0.379149;-0.408002;,
  0.052277;0.287906;-0.356928;,
  0.037842;0.264131;-0.358858;,
  0.037041;0.267290;-0.323051;,
  0.022502;0.248891;-0.302975;,
  0.003000;0.238899;-0.302395;,
  0.003000;0.258429;-0.294297;,
  0.028759;0.295835;-0.431789;,
  0.042362;0.327562;-0.430949;,
  0.051002;0.360312;-0.410971;,
  0.037468;0.356989;-0.430145;,
  0.003001;0.367579;-0.435010;,
  0.020235;0.364698;-0.433548;,
  0.003001;0.365634;-0.324249;,
  0.051002;0.360312;-0.410971;,
  0.037468;0.356989;-0.430145;,
  0.059105;0.324676;-0.358639;,
  0.058907;0.312037;-0.333620;,
  0.065599;0.337246;-0.354388;,
  0.062465;0.334984;-0.374950;,
  0.065599;0.337246;-0.354388;,
  0.058907;0.312037;-0.333620;,
  0.062465;0.334984;-0.374950;,
  0.056037;0.320227;-0.375328;,
  0.056543;0.306694;-0.354115;,
  0.054437;0.311852;-0.330853;,
  0.037554;0.270649;-0.380137;,
  0.056543;0.306694;-0.354115;,
  0.041722;0.309616;-0.269121;,
  0.038204;0.317498;-0.295987;,
  0.068425;0.295155;-0.262543;,
  0.041412;0.328259;-0.316746;,
  0.003001;0.272188;-0.259265;,
  0.003001;0.257257;-0.240592;,
  0.003000;0.163814;-0.055184;,
  0.003000;0.283220;0.034637;,
  0.003000;0.272528;0.067230;,
  0.002860;0.261988;0.084670;,
  0.003000;0.274442;-0.288709;,
  0.003000;0.204100;0.066959;,
  0.020235;0.364698;-0.433548;,
  0.003001;0.367579;-0.435010;,
  0.023119;0.253245;-0.334668;,
  0.015582;0.253413;-0.358437;,
  0.015774;0.250289;-0.349303;,
  0.003001;0.287465;-0.436155;,
  0.003001;0.268452;-0.419246;,
  0.017875;0.265061;-0.380858;,
  0.003000;0.291389;-0.064654;,
  0.068425;0.295155;-0.262543;,
  0.089494;-0.018727;0.485424;,
  0.022524;0.251493;-0.328319;,
  0.014857;0.244247;-0.328468;,
  0.014672;0.249132;-0.331964;,
  0.003000;0.238864;-0.360843;,
  0.003000;0.245224;-0.349877;,
  0.014420;0.245730;-0.337165;,
  0.003000;0.248730;-0.332407;,
  0.003000;0.241137;-0.327724;,
  0.003000;0.252260;-0.393077;,
  0.003000;0.253133;-0.382945;,
  0.106017;0.318279;-0.195787;,
  0.003000;0.242195;-0.338372;,
  0.085359;0.293094;-0.195177;,
  0.088734;0.276513;-0.200795;,
  0.087105;0.255179;-0.217379;,
  0.052954;0.355255;-0.358075;,
  0.079972;0.094443;0.279743;,
  0.032372;0.043824;0.258375;,
  0.044763;0.024840;0.332066;,
  0.082397;0.086765;0.353405;,
  0.075893;0.080061;0.216908;,
  0.033718;0.057354;0.204170;,
  0.071509;0.115579;0.127606;,
  0.018522;0.101357;0.123039;,
  0.060938;0.151397;0.036686;,
  0.012439;0.138298;0.043230;,
  0.044022;0.165250;0.001785;,
  0.047488;0.001867;0.400184;,
  0.087165;0.080004;0.432832;,
  0.053009;0.176646;0.370024;,
  0.059358;0.166206;0.439191;,
  0.004715;0.166036;0.442341;,
  0.004428;0.181002;0.370404;,
  0.004525;0.186199;0.302456;,
  0.044163;0.183707;0.298748;,
  0.004986;0.201143;0.242613;,
  0.043949;0.188274;0.250278;,
  0.029785;0.223745;0.170112;,
  0.002801;0.234655;0.162523;,
  0.003000;0.266734;0.094324;,
  0.085359;0.293094;-0.195177;,
  -0.062014;0.268369;-0.252244;,
  -0.072927;0.257188;-0.234976;,
  -0.030277;0.267156;-0.241149;,
  -0.025067;0.293838;-0.261450;,
  -0.081103;0.255180;-0.217380;,
  -0.087645;0.250028;-0.181174;,
  -0.051005;0.220658;-0.191672;,
  -0.037920;0.238905;-0.219652;,
  -0.026034;0.336261;-0.265074;,
  -0.043858;0.356123;-0.234573;,
  -0.076674;0.347270;-0.233633;,
  -0.068351;0.320390;-0.253215;,
  -0.080349;0.253533;-0.027071;,
  -0.073569;0.252302;-0.036687;,
  -0.039914;0.272903;-0.028345;,
  -0.039026;0.276182;-0.016978;,
  -0.068273;0.198689;-0.052469;,
  -0.081221;0.210691;-0.021293;,
  -0.040439;0.167927;-0.056342;,
  -0.066623;0.176748;-0.005481;,
  -0.038024;0.165250;0.001785;,
  0.003000;0.272245;-0.026325;,
  0.003000;0.274992;-0.012870;,
  -0.049057;0.317499;-0.104886;,
  -0.053988;0.339584;-0.140669;,
  0.003001;0.342809;-0.137109;,
  0.003001;0.321583;-0.104127;,
  -0.054939;0.151397;0.036686;,
  -0.089765;0.186164;0.048646;,
  -0.103642;0.141999;0.137776;,
  -0.065510;0.115579;0.127606;,
  -0.098861;0.122448;0.229555;,
  -0.069894;0.080062;0.216908;,
  -0.006669;0.170875;0.044941;,
  -0.018039;0.138674;0.139030;,
  -0.024894;0.209590;0.165399;,
  -0.007847;0.246801;0.091820;,
  -0.042282;0.118295;0.232075;,
  -0.045207;0.159460;0.241098;,
  -0.104351;0.203026;0.159465;,
  -0.085328;0.236512;0.084580;,
  -0.085764;0.160343;0.236760;,
  -0.107469;0.101262;0.505094;,
  -0.102775;0.145701;0.513323;,
  -0.067984;0.145594;0.515471;,
  -0.062658;0.097763;0.507276;,
  -0.073973;0.094443;0.279741;,
  -0.105281;0.123075;0.283629;,
  -0.105543;0.115238;0.357929;,
  -0.076398;0.086766;0.353403;,
  -0.100960;0.108390;0.436955;,
  -0.081166;0.080005;0.432830;,
  -0.033392;0.114959;0.302908;,
  -0.046869;0.110926;0.360678;,
  -0.043592;0.153558;0.358248;,
  -0.033836;0.170169;0.295259;,
  -0.064944;0.103457;0.445724;,
  -0.067624;0.132705;0.431870;,
  -0.105672;0.153769;0.356895;,
  -0.105342;0.172503;0.284742;,
  -0.091456;0.133523;0.425754;,
  -0.087324;0.209196;0.007988;,
  -0.006669;0.170875;0.044941;,
  -0.039026;0.284041;0.032123;,
  -0.089057;0.260937;0.025406;,
  -0.038643;0.267597;0.076093;,
  -0.084334;0.245386;0.073123;,
  -0.044486;0.289726;-0.066085;,
  -0.080730;0.300702;-0.111001;,
  -0.092216;0.287393;-0.122812;,
  -0.076480;0.266714;-0.077227;,
  -0.068861;0.221767;-0.100714;,
  -0.085743;0.240349;-0.148921;,
  -0.045920;0.193451;-0.109448;,
  -0.051400;0.207117;-0.162415;,
  -0.096224;0.246603;-0.266585;,
  -0.118362;0.201367;-0.261233;,
  -0.062087;0.254991;-0.225843;,
  -0.134876;0.152609;-0.245206;,
  -0.103333;0.149125;-0.208410;,
  -0.079530;0.196917;-0.215821;,
  -0.106468;0.265237;-0.185380;,
  -0.079530;0.196917;-0.215821;,
  -0.125615;0.219241;-0.174068;,
  -0.103333;0.149125;-0.208410;,
  -0.141146;0.166754;-0.173486;,
  -0.116961;0.269170;-0.187068;,
  -0.164489;0.224005;-0.219564;,
  -0.142017;0.268115;-0.224290;,
  -0.172647;0.170173;-0.210122;,
  -0.121082;0.257629;-0.254067;,
  -0.134698;0.130739;-0.252515;,
  -0.131813;0.071558;-0.244850;,
  -0.109061;0.064481;-0.216926;,
  -0.098275;0.123620;-0.208663;,
  -0.132778;0.022130;-0.235941;,
  -0.118857;0.017348;-0.216714;,
  -0.098275;0.123620;-0.208663;,
  -0.109061;0.064481;-0.216926;,
  -0.156923;0.071466;-0.186358;,
  -0.145372;0.130926;-0.167490;,
  -0.118857;0.017348;-0.216714;,
  -0.154702;0.021312;-0.203349;,
  -0.174069;0.077162;-0.207983;,
  -0.181701;0.138071;-0.211024;,
  -0.161989;0.024187;-0.213002;,
  -0.112589;0.015423;-0.346292;,
  -0.158096;0.010068;-0.333044;,
  -0.157804;-0.007038;-0.319687;,
  -0.111746;-0.001899;-0.332760;,
  -0.090300;0.002665;-0.295977;,
  -0.084447;0.012613;-0.294282;,
  -0.096237;0.017035;-0.302198;,
  -0.096968;0.006250;-0.304254;,
  -0.161294;-0.005811;-0.245910;,
  -0.111578;-0.005932;-0.245312;,
  -0.111543;0.013285;-0.274289;,
  -0.163135;0.004952;-0.281641;,
  -0.163431;0.023241;-0.289611;,
  -0.162925;0.031977;-0.244957;,
  -0.110974;0.032847;-0.243420;,
  -0.113887;0.031575;-0.281802;,
  -0.097558;0.312957;-0.258062;,
  -0.096880;0.286383;-0.271654;,
  -0.062424;0.295155;-0.262543;,
  -0.068351;0.320390;-0.253215;,
  -0.090797;0.325266;-0.151080;,
  -0.035720;0.309616;-0.269121;,
  -0.088302;0.262653;-0.263677;,
  -0.085741;0.258017;-0.242831;,
  -0.072927;0.257188;-0.234976;,
  -0.062014;0.268369;-0.252244;,
  -0.096877;0.333784;-0.193003;,
  -0.099596;0.331374;-0.198589;,
  -0.054777;0.350863;-0.178987;,
  0.003001;0.352003;-0.172765;,
  0.003003;0.349297;-0.232761;,
  -0.076674;0.347270;-0.233633;,
  -0.099596;0.331374;-0.198589;,
  -0.082732;0.276513;-0.200796;,
  -0.062087;0.254991;-0.225843;,
  -0.100014;0.318279;-0.195787;,
  -0.086011;0.261848;-0.172309;,
  -0.092936;0.294679;-0.161243;,
  -0.081103;0.255180;-0.217380;,
  -0.098287;0.310337;-0.157369;,
  -0.111578;-0.005932;-0.245312;,
  -0.032202;0.317498;-0.295987;,
  -0.023042;0.338690;-0.293259;,
  0.003001;0.347357;-0.293521;,
  0.003057;0.341202;-0.265268;,
  -0.113887;0.031575;-0.281802;,
  -0.112589;0.015423;-0.346292;,
  -0.158096;0.010068;-0.333044;,
  -0.088932;0.019796;-0.276258;,
  -0.094986;-0.005308;-0.278294;,
  -0.094986;-0.005308;-0.278294;,
  -0.106680;0.003477;-0.288438;,
  -0.109571;0.026738;-0.280932;,
  -0.109571;0.026738;-0.280932;,
  -0.084447;0.012613;-0.294282;,
  -0.090300;0.002665;-0.295977;,
  -0.096237;0.017035;-0.302198;,
  -0.112355;0.029408;0.470094;,
  -0.119243;0.018598;0.489757;,
  -0.083497;-0.018726;0.485424;,
  -0.081028;-0.008397;0.468497;,
  -0.062177;0.140866;0.481015;,
  -0.059745;0.099574;0.482389;,
  -0.062658;0.097763;0.507276;,
  -0.067984;0.145594;0.515471;,
  -0.067624;0.132705;0.431870;,
  -0.103451;0.141312;0.475421;,
  -0.091456;0.133523;0.425754;,
  -0.107469;0.101262;0.505094;,
  -0.106454;0.104888;0.470245;,
  -0.102775;0.145701;0.513323;,
  -0.081166;0.080005;0.432830;,
  -0.100960;0.108390;0.436955;,
  -0.053776;0.001078;0.474966;,
  -0.048623;-0.008803;0.489355;,
  -0.048623;-0.008803;0.489355;,
  -0.119243;0.018598;0.489757;,
  -0.018039;0.138674;0.139030;,
  -0.042282;0.118295;0.232075;,
  -0.033392;0.114959;0.302908;,
  -0.046869;0.110926;0.360678;,
  -0.064944;0.103457;0.445724;,
  -0.064944;0.103457;0.445724;,
  -0.043110;0.300093;-0.305548;,
  -0.024268;0.299711;-0.296460;,
  -0.025589;0.280167;-0.301060;,
  -0.034519;0.280563;-0.307853;,
  -0.035410;0.328260;-0.316747;,
  -0.027494;0.350823;-0.320028;,
  -0.016680;0.330191;-0.440906;,
  0.003001;0.331612;-0.445271;,
  -0.030917;0.265568;-0.391209;,
  -0.013958;0.258914;-0.392143;,
  -0.027248;0.281759;-0.415850;,
  -0.040398;0.283331;-0.328206;,
  -0.048435;0.311852;-0.330853;,
  -0.041542;0.311906;-0.313725;,
  -0.049559;0.338692;-0.359176;,
  -0.050035;0.320227;-0.375328;,
  -0.045802;0.293549;-0.378915;,
  -0.040653;0.299422;-0.417647;,
  -0.049319;0.325403;-0.412171;,
  -0.046952;0.355255;-0.358076;,
  -0.036115;0.377101;-0.359951;,
  0.003001;0.388058;-0.357587;,
  -0.029855;0.379149;-0.408002;,
  0.003001;0.389498;-0.406857;,
  -0.046277;0.287906;-0.356928;,
  -0.031041;0.267290;-0.323051;,
  -0.031842;0.264131;-0.358858;,
  -0.016502;0.248891;-0.302975;,
  -0.022757;0.295835;-0.431789;,
  -0.036360;0.327562;-0.430949;,
  -0.031466;0.356989;-0.430145;,
  -0.045000;0.360312;-0.410971;,
  -0.014233;0.364698;-0.433548;,
  0.003001;0.367579;-0.435010;,
  0.003001;0.365634;-0.324249;,
  -0.045000;0.360312;-0.410971;,
  -0.031466;0.356989;-0.430145;,
  -0.059427;0.337246;-0.354388;,
  -0.052808;0.312038;-0.333620;,
  -0.053103;0.324676;-0.358639;,
  -0.056280;0.334984;-0.374951;,
  -0.052808;0.312038;-0.333620;,
  -0.059427;0.337246;-0.354388;,
  -0.056280;0.334984;-0.374951;,
  -0.050035;0.320227;-0.375328;,
  -0.050541;0.306694;-0.354115;,
  -0.048435;0.311852;-0.330853;,
  -0.031554;0.270649;-0.380137;,
  -0.050541;0.306694;-0.354115;,
  -0.032202;0.317498;-0.295987;,
  -0.035720;0.309616;-0.269121;,
  -0.062424;0.295155;-0.262543;,
  -0.035410;0.328260;-0.316747;,
  0.003000;0.283220;0.034637;,
  0.003000;0.272528;0.067230;,
  0.002860;0.261988;0.084670;,
  0.003000;0.204100;0.066959;,
  -0.014233;0.364698;-0.433548;,
  0.003001;0.367579;-0.435010;,
  -0.017119;0.253245;-0.334668;,
  -0.009774;0.250289;-0.349303;,
  -0.009582;0.253413;-0.358437;,
  -0.011875;0.265061;-0.380858;,
  0.003000;0.291389;-0.064654;,
  -0.062424;0.295155;-0.262543;,
  -0.083497;-0.018726;0.485424;,
  -0.008857;0.244247;-0.328468;,
  -0.016524;0.251493;-0.328319;,
  -0.008672;0.249132;-0.331964;,
  -0.008420;0.245730;-0.337165;,
  -0.100014;0.318279;-0.195787;,
  -0.079357;0.293095;-0.195178;,
  -0.082732;0.276513;-0.200796;,
  -0.081103;0.255180;-0.217380;,
  -0.046952;0.355255;-0.358076;,
  -0.025980;0.043721;0.258301;,
  -0.035854;0.024066;0.331669;,
  0.002417;0.008297;0.324334;,
  0.002548;0.035789;0.252358;,
  -0.029157;0.057527;0.204385;,
  0.003318;0.046973;0.197362;,
  -0.014657;0.101549;0.123298;,
  0.003196;0.094186;0.122158;,
  -0.007333;0.138532;0.043217;,
  0.003083;0.135397;0.047438;,
  0.002999;0.151934;0.006582;,
  -0.038024;0.165250;0.001785;,
  -0.039236;0.001189;0.399573;,
  0.002306;-0.018735;0.384294;,
  -0.042757;0.165439;0.443295;,
  -0.091442;0.133525;0.425754;,
  -0.105672;0.153769;0.356895;,
  -0.041943;0.175312;0.368612;,
  -0.105342;0.172503;0.284742;,
  -0.041973;0.184296;0.301168;,
  -0.037980;0.192298;0.250101;,
  -0.085764;0.160343;0.236760;,
  -0.104351;0.203026;0.159465;,
  -0.023671;0.225846;0.171770;,
  0.003000;0.272528;0.067230;,
  -0.038643;0.267597;0.076093;,
  -0.079357;0.293095;-0.195178;,
  -0.054939;0.151397;0.036686;,
  -0.065510;0.115579;0.127606;,
  -0.069894;0.080062;0.216908;,
  -0.073973;0.094443;0.279741;,
  -0.076398;0.086766;0.353403;,
  -0.081166;0.080005;0.432830;,
  0.091327;0.236513;0.084581;,
  0.110350;0.203026;0.159465;,
  0.044642;0.267597;0.076093;,
  0.091763;0.160342;0.236760;,
  0.111341;0.172502;0.284744;,
  0.111671;0.153768;0.356897;,
  0.097455;0.133522;0.425755;,
  -0.085328;0.236512;0.084580;;
  916;
  3;0,2,1;,
  3;2,0,3;,
  3;4,6,5;,
  3;6,4,7;,
  3;8,10,9;,
  3;10,8,11;,
  3;12,14,13;,
  3;14,12,15;,
  3;16,12,17;,
  3;12,16,15;,
  3;18,20,19;,
  3;20,18,16;,
  3;5,22,21;,
  3;22,5,6;,
  3;13,24,23;,
  3;24,13,14;,
  3;25,27,26;,
  3;27,25,28;,
  3;29,31,30;,
  3;31,29,32;,
  3;31,33,30;,
  3;33,31,34;,
  3;35,37,36;,
  3;37,35,38;,
  3;38,39,37;,
  3;39,38,40;,
  3;36,42,41;,
  3;42,36,37;,
  3;37,43,42;,
  3;43,37,39;,
  3;41,31,32;,
  3;31,41,42;,
  3;42,34,31;,
  3;34,42,43;,
  3;44,46,45;,
  3;46,44,47;,
  3;48,50,49;,
  3;50,48,51;,
  3;49,53,52;,
  3;53,49,50;,
  3;54,56,55;,
  3;56,54,57;,
  3;57,58,56;,
  3;58,57,59;,
  3;55,61,60;,
  3;61,55,56;,
  3;56,62,61;,
  3;62,56,58;,
  3;60,50,51;,
  3;50,60,61;,
  3;61,53,50;,
  3;53,61,62;,
  3;32,20,63;,
  3;20,32,29;,
  3;64,66,65;,
  3;66,64,19;,
  3;13,67,12;,
  3;67,13,68;,
  3;68,69,67;,
  3;69,68,70;,
  3;70,41,69;,
  3;41,70,36;,
  3;48,34,51;,
  3;34,48,33;,
  3;51,43,60;,
  3;43,51,34;,
  3;43,55,60;,
  3;55,43,39;,
  3;39,54,55;,
  3;54,39,40;,
  3;12,63,17;,
  3;63,12,67;,
  3;67,32,63;,
  3;32,67,69;,
  3;69,41,32;,
  3;71,72,25;,
  3;73,75,74;,
  3;75,73,76;,
  3;75,77,74;,
  3;77,75,78;,
  3;79,78,80;,
  3;78,79,77;,
  3;81,83,82;,
  3;83,85,84;,
  3;85,83,86;,
  3;87,89,88;,
  3;89,90,88;,
  3;90,89,91;,
  3;92,94,93;,
  3;92,88,94;,
  3;92,87,88;,
  3;88,95,94;,
  3;95,88,90;,
  3;96,94,83;,
  3;94,86,83;,
  3;86,94,95;,
  3;97,99,98;,
  3;99,97,100;,
  3;100,101,99;,
  3;101,100,102;,
  3;103,105,104;,
  3;105,103,106;,
  3;106,107,105;,
  3;107,106,108;,
  3;104,110,109;,
  3;110,104,105;,
  3;105,111,110;,
  3;111,105,107;,
  3;109,100,97;,
  3;100,109,110;,
  3;110,102,100;,
  3;102,110,111;,
  3;112,114,113;,
  3;114,112,115;,
  3;116,118,117;,
  3;118,116,119;,
  3;120,122,121;,
  3;122,120,123;,
  3;120,125,124;,
  3;125,120,121;,
  3;126,125,127;,
  3;125,126,124;,
  3;95,97,86;,
  3;97,95,109;,
  3;86,98,85;,
  3;98,86,97;,
  3;90,103,104;,
  3;103,90,91;,
  3;104,95,90;,
  3;95,104,109;,
  3;128,96,129;,
  3;96,128,93;,
  3;129,130,128;,
  3;130,129,131;,
  3;72,28,25;,
  3;28,72,132;,
  3;9,133,8;,
  3;134,136,135;,
  3;136,134,137;,
  3;81,137,134;,
  3;138,11,139;,
  3;138,10,11;,
  3;138,140,10;,
  3;141,11,142;,
  3;11,141,139;,
  3;128,130,143;,
  3;93,144,92;,
  3;93,143,144;,
  3;93,128,143;,
  3;145,87,146;,
  3;87,145,147;,
  3;74,148,73;,
  3;148,74,149;,
  3;150,147,145;,
  3;7,149,74;,
  3;148,151,73;,
  3;102,152,101;,
  3;152,102,126;,
  3;102,124,126;,
  3;124,102,111;,
  3;111,120,124;,
  3;120,111,107;,
  3;120,108,123;,
  3;108,120,107;,
  3;8,154,153;,
  3;154,8,133;,
  3;153,155,8;,
  3;155,153,156;,
  3;121,113,114;,
  3;113,121,122;,
  3;122,112,113;,
  3;112,122,157;,
  3;158,125,159;,
  3;125,158,127;,
  3;159,121,114;,
  3;121,159,125;,
  3;126,160,152;,
  3;160,126,161;,
  3;162,122,123;,
  3;122,162,163;,
  3;122,164,157;,
  3;164,122,163;,
  3;165,126,127;,
  3;126,165,161;,
  3;161,166,160;,
  3;166,161,167;,
  3;162,117,163;,
  3;117,162,116;,
  3;163,118,164;,
  3;118,163,117;,
  3;165,167,161;,
  3;167,165,168;,
  3;169,171,170;,
  3;171,169,172;,
  3;173,175,174;,
  3;175,173,176;,
  3;177,179,178;,
  3;179,177,173;,
  3;180,179,181;,
  3;179,180,182;,
  3;183,169,170;,
  3;169,183,184;,
  3;175,186,185;,
  3;186,175,176;,
  3;45,187,44;,
  3;187,45,188;,
  3;180,169,182;,
  3;169,180,172;,
  3;19,29,66;,
  3;20,29,19;,
  3;29,30,189;,
  3;30,190,189;,
  3;190,30,33;,
  3;33,191,190;,
  3;191,33,48;,
  3;191,49,192;,
  3;49,191,48;,
  3;192,52,193;,
  3;52,192,49;,
  3;194,170,186;,
  3;170,194,183;,
  3;170,185,186;,
  3;185,170,171;,
  3;186,176,194;,
  3;194,173,177;,
  3;173,194,176;,
  3;179,174,181;,
  3;174,179,173;,
  3;178,182,184;,
  3;182,178,179;,
  3;182,169,184;,
  3;16,17,20;,
  3;17,63,20;,
  3;66,195,65;,
  3;196,198,197;,
  3;198,196,199;,
  3;200,153,154;,
  3;153,200,201;,
  3;202,204,203;,
  3;205,207,206;,
  3;196,209,208;,
  3;209,196,197;,
  3;210,208,211;,
  3;208,210,196;,
  3;212,214,213;,
  3;214,212,215;,
  3;212,213,211;,
  3;201,217,216;,
  3;217,201,200;,
  3;218,220,219;,
  3;220,218,216;,
  3;210,199,196;,
  3;214,205,206;,
  3;221,223,222;,
  3;197,198,224;,
  3;224,226,225;,
  3;226,224,198;,
  3;227,214,206;,
  3;228,229,213;,
  3;229,228,230;,
  3;219,232,231;,
  3;214,228,213;,
  3;156,201,233;,
  3;201,156,153;,
  3;233,216,218;,
  3;216,233,201;,
  3;220,216,234;,
  3;235,220,234;,
  3;236,238,237;,
  3;238,236,239;,
  3;208,240,211;,
  3;240,208,241;,
  3;211,242,212;,
  3;242,211,240;,
  3;243,236,244;,
  3;236,243,239;,
  3;244,237,245;,
  3;237,244,236;,
  3;246,221,222;,
  3;221,246,215;,
  3;221,212,247;,
  3;212,221,215;,
  3;199,248,1;,
  3;248,199,249;,
  3;133,9,250;,
  3;249,210,251;,
  3;210,249,199;,
  3;210,211,251;,
  3;252,2,253;,
  3;2,252,1;,
  3;19,254,18;,
  3;254,19,64;,
  3;23,68,13;,
  3;68,23,255;,
  3;68,256,70;,
  3;256,68,255;,
  3;256,36,70;,
  3;36,256,257;,
  3;258,1,252;,
  3;1,258,199;,
  3;257,259,36;,
  3;36,259,35;,
  3;260,203,261;,
  3;203,260,202;,
  3;262,263,222;,
  3;263,262,264;,
  3;198,258,226;,
  3;258,198,199;,
  3;265,204,227;,
  3;265,206,266;,
  3;206,265,227;,
  3;222,267,246;,
  3;267,222,263;,
  3;89,87,147;,
  3;82,83,84;,
  3;78,16,18;,
  3;16,78,75;,
  3;75,15,16;,
  3;15,75,76;,
  3;15,71,14;,
  3;71,15,76;,
  3;14,268,24;,
  3;268,14,71;,
  3;248,269,1;,
  3;1,269,0;,
  3;135,129,134;,
  3;129,135,131;,
  3;134,96,81;,
  3;96,134,129;,
  3;96,83,81;,
  3;94,96,93;,
  3;29,189,66;,
  3;205,215,246;,
  3;267,205,246;,
  3;205,267,207;,
  3;205,214,215;,
  3;187,188,270;,
  3;224,272,271;,
  3;223,221,209;,
  3;224,223,197;,
  3;271,273,262;,
  3;273,271,272;,
  3;263,275,274;,
  3;273,276,262;,
  3;277,272,278;,
  3;272,277,273;,
  3;223,271,262;,
  3;271,223,224;,
  3;223,209,197;,
  3;208,221,247;,
  3;221,208,209;,
  3;222,223,262;,
  3;266,207,279;,
  3;207,266,206;,
  3;207,280,279;,
  3;280,207,267;,
  3;280,263,274;,
  3;263,280,267;,
  3;264,262,276;,
  3;76,73,72;,
  3;138,281,140;,
  3;73,132,72;,
  3;132,73,151;,
  3;72,71,76;,
  3;272,225,278;,
  3;155,11,8;,
  3;276,277,282;,
  3;277,276,273;,
  3;275,276,282;,
  3;276,275,264;,
  3;28,141,27;,
  3;141,28,139;,
  3;139,132,138;,
  3;132,139,28;,
  3;132,281,138;,
  3;281,132,151;,
  3;281,148,283;,
  3;148,281,151;,
  3;283,149,284;,
  3;149,283,148;,
  3;7,284,149;,
  3;284,7,4;,
  3;6,79,22;,
  3;79,6,77;,
  3;77,7,74;,
  3;7,77,6;,
  3;5,3,4;,
  3;3,5,2;,
  3;285,137,82;,
  3;137,285,136;,
  3;137,81,82;,
  3;92,146,87;,
  3;146,92,144;,
  3;2,21,253;,
  3;21,2,5;,
  3;286,213,229;,
  3;251,211,286;,
  3;213,286,211;,
  3;234,216,217;,
  3;227,202,228;,
  3;202,230,228;,
  3;230,202,260;,
  3;232,220,235;,
  3;228,214,227;,
  3;26,71,25;,
  3;71,26,268;,
  3;155,142,11;,
  3;18,80,78;,
  3;80,18,254;,
  3;272,224,225;,
  3;275,263,264;,
  3;202,227,204;,
  3;232,219,220;,
  3;287,289,288;,
  3;289,287,290;,
  3;291,288,292;,
  3;288,291,287;,
  3;293,292,294;,
  3;292,293,291;,
  3;295,294,296;,
  3;294,295,293;,
  3;296,297,295;,
  3;298,290,299;,
  3;290,298,289;,
  3;300,302,301;,
  3;302,300,303;,
  3;304,300,305;,
  3;300,304,303;,
  3;306,305,307;,
  3;305,306,304;,
  3;308,306,307;,
  3;306,308,309;,
  3;308,310,309;,
  3;145,146,311;,
  3;312,314,313;,
  3;314,312,315;,
  3;316,318,317;,
  3;318,316,319;,
  3;320,322,321;,
  3;322,320,323;,
  3;324,326,325;,
  3;326,324,327;,
  3;328,324,325;,
  3;324,328,329;,
  3;330,331,328;,
  3;331,330,332;,
  3;319,22,318;,
  3;22,319,21;,
  3;327,333,326;,
  3;333,327,334;,
  3;335,337,336;,
  3;337,335,338;,
  3;339,341,340;,
  3;341,339,342;,
  3;341,344,343;,
  3;344,341,342;,
  3;345,347,346;,
  3;347,345,348;,
  3;346,350,349;,
  3;350,346,347;,
  3;348,351,347;,
  3;351,348,352;,
  3;347,353,350;,
  3;353,347,351;,
  3;352,341,351;,
  3;341,352,340;,
  3;351,343,353;,
  3;343,351,341;,
  3;354,356,355;,
  3;356,354,357;,
  3;358,360,359;,
  3;360,358,361;,
  3;361,362,360;,
  3;362,361,363;,
  3;364,366,365;,
  3;366,364,367;,
  3;365,369,368;,
  3;369,365,366;,
  3;367,370,366;,
  3;370,367,371;,
  3;366,372,369;,
  3;372,366,370;,
  3;371,360,370;,
  3;360,371,359;,
  3;370,362,372;,
  3;362,370,360;,
  3;340,331,339;,
  3;331,340,373;,
  3;64,374,332;,
  3;374,64,65;,
  3;327,376,375;,
  3;376,327,324;,
  3;375,378,377;,
  3;378,375,376;,
  3;377,352,348;,
  3;352,377,378;,
  3;358,343,344;,
  3;343,358,359;,
  3;359,353,343;,
  3;353,359,371;,
  3;353,367,350;,
  3;367,353,371;,
  3;350,364,349;,
  3;364,350,367;,
  3;324,373,376;,
  3;373,324,329;,
  3;376,340,378;,
  3;340,376,373;,
  3;378,340,352;,
  3;379,335,380;,
  3;381,383,382;,
  3;383,381,384;,
  3;383,386,385;,
  3;386,383,384;,
  3;79,385,386;,
  3;385,79,80;,
  3;387,389,388;,
  3;388,391,390;,
  3;391,388,392;,
  3;393,395,394;,
  3;394,397,396;,
  3;397,394,395;,
  3;398,395,393;,
  3;398,399,395;,
  3;398,400,399;,
  3;395,401,397;,
  3;401,395,399;,
  3;402,388,399;,
  3;399,390,401;,
  3;390,399,388;,
  3;403,405,404;,
  3;405,403,406;,
  3;404,408,407;,
  3;408,404,405;,
  3;409,411,410;,
  3;411,409,412;,
  3;410,414,413;,
  3;414,410,411;,
  3;412,415,411;,
  3;415,412,416;,
  3;411,417,414;,
  3;417,411,415;,
  3;416,404,415;,
  3;404,416,403;,
  3;415,407,417;,
  3;407,415,404;,
  3;418,420,419;,
  3;420,418,421;,
  3;422,424,423;,
  3;424,422,425;,
  3;426,428,427;,
  3;428,426,429;,
  3;426,430,429;,
  3;430,426,431;,
  3;432,430,431;,
  3;430,432,433;,
  3;401,403,416;,
  3;403,401,390;,
  3;390,406,403;,
  3;406,390,391;,
  3;397,409,396;,
  3;409,397,412;,
  3;412,401,416;,
  3;401,412,397;,
  3;434,402,400;,
  3;402,434,435;,
  3;435,437,436;,
  3;437,435,434;,
  3;380,336,438;,
  3;336,380,335;,
  3;323,320,439;,
  3;440,442,441;,
  3;442,440,443;,
  3;387,440,441;,
  3;444,322,445;,
  3;444,321,322;,
  3;444,446,321;,
  3;447,321,446;,
  3;321,447,448;,
  3;434,449,437;,
  3;400,449,434;,
  3;400,450,449;,
  3;400,398,450;,
  3;451,393,452;,
  3;393,451,453;,
  3;384,455,454;,
  3;455,384,381;,
  3;456,451,452;,
  3;317,384,454;,
  3;455,381,457;,
  3;407,458,432;,
  3;458,407,408;,
  3;407,431,417;,
  3;431,407,432;,
  3;417,426,414;,
  3;426,417,431;,
  3;426,413,414;,
  3;413,426,427;,
  3;320,459,439;,
  3;459,320,460;,
  3;460,462,461;,
  3;462,460,320;,
  3;429,421,428;,
  3;421,429,420;,
  3;428,418,463;,
  3;418,428,421;,
  3;464,430,433;,
  3;430,464,465;,
  3;465,429,430;,
  3;429,465,420;,
  3;432,467,466;,
  3;467,432,458;,
  3;468,428,469;,
  3;428,468,427;,
  3;428,470,469;,
  3;470,428,463;,
  3;471,432,466;,
  3;432,471,433;,
  3;466,473,472;,
  3;473,466,467;,
  3;468,425,422;,
  3;425,468,469;,
  3;469,424,425;,
  3;424,469,470;,
  3;471,472,474;,
  3;472,471,466;,
  3;475,477,476;,
  3;477,475,478;,
  3;479,481,480;,
  3;481,479,482;,
  3;483,484,479;,
  3;484,483,485;,
  3;486,484,487;,
  3;484,486,488;,
  3;489,475,490;,
  3;475,489,478;,
